    0.000000   0.000000e+00   0.000000e+00   0.000000e+00   0.000000e+00
    0.050000  -4.278040e-02  -4.244833e-02  -3.320739e-04   0.000000e+00
    0.100000  -7.809406e-02  -7.741567e-02  -6.783959e-04   0.000000e+00
    0.150000  -1.107435e-01  -1.097113e-01  -1.032233e-03   0.000000e+00
    0.200000  -1.500654e-01  -1.486890e-01  -1.376432e-03   0.000000e+00
    0.250000  -1.945902e-01  -1.928798e-01  -1.710350e-03   0.000000e+00
    0.300000  -2.341408e-01  -2.320885e-01  -2.052247e-03   0.000000e+00
    0.350000  -2.663964e-01  -2.639850e-01  -2.411358e-03   0.000000e+00
    0.400000  -3.009591e-01  -2.981880e-01  -2.771116e-03   0.000000e+00
    0.450000  -3.435152e-01  -3.404034e-01  -3.111745e-03   0.000000e+00
    0.500000  -3.854851e-01  -3.820449e-01  -3.440128e-03   0.000000e+00
    0.550000  -4.169299e-01  -4.131518e-01  -3.778075e-03   0.000000e+00
    0.600000  -4.425307e-01  -4.384092e-01  -4.121447e-03   0.000000e+00
    0.650000  -4.735213e-01  -4.690883e-01  -4.433026e-03   0.000000e+00
    0.700000  -5.068665e-01  -5.021820e-01  -4.684469e-03   0.000000e+00
    0.750000  -5.258542e-01  -5.209743e-01  -4.879914e-03   0.000000e+00
    0.800000  -5.228164e-01  -5.178017e-01  -5.014699e-03   0.000000e+00
    0.850000  -5.060836e-01  -5.010462e-01  -5.037460e-03   0.000000e+00
    0.900000  -4.769656e-01  -4.720567e-01  -4.908885e-03   0.000000e+00
    0.950000  -4.170994e-01  -4.123987e-01  -4.700653e-03   0.000000e+00
    1.000000  -3.178819e-01  -3.133298e-01  -4.552168e-03   0.000000e+00
    1.050000  -2.085653e-01  -2.041253e-01  -4.439949e-03   0.000000e+00
    1.100000  -1.160217e-01  -1.120153e-01  -4.006336e-03   0.000000e+00
    1.150000   1.603104e-02   1.877320e-02  -2.742165e-03   0.000000e+00
    1.200000   3.247414e-01   3.252036e-01  -4.621398e-04   0.000000e+00
    1.250000   8.855907e-01   8.832175e-01   2.373189e-03   0.000000e+00
    1.300000   1.559145e+00   1.554290e+00   4.855074e-03   0.000000e+00
    1.350000   2.023956e+00   2.017758e+00   6.197808e-03   0.000000e+00
    1.400000   2.012603e+00   2.006442e+00   6.160810e-03   0.000000e+00
    1.450000   1.530632e+00   1.525651e+00   4.981080e-03   0.000000e+00
    1.500000   8.377851e-01   8.347939e-01   2.991179e-03   0.000000e+00
    1.550000   2.240413e-01   2.236696e-01   3.717135e-04   0.000000e+00
    1.600000  -1.802820e-01  -1.775552e-01  -2.726805e-03   0.000000e+00
    1.650000  -3.992440e-01  -3.933729e-01  -5.871104e-03   0.000000e+00
    1.700000  -4.908509e-01  -4.826318e-01  -8.219112e-03   0.000000e+00
    1.750000  -4.873284e-01  -4.785096e-01  -8.818738e-03   0.000000e+00
    1.800000  -4.333959e-01  -4.261628e-01  -7.233108e-03   0.000000e+00
    1.850000  -4.083155e-01  -4.042474e-01  -4.068048e-03   0.000000e+00
    1.900000  -4.604831e-01  -4.595981e-01  -8.849953e-04   0.000000e+00
    1.950000  -5.370459e-01  -5.377221e-01   6.761532e-04   0.000000e+00
    2.000000  -5.209925e-01  -5.210485e-01   5.604155e-05   0.000000e+00
    2.050000  -3.474654e-01  -3.457192e-01  -1.746277e-03   0.000000e+00
    2.100000  -5.911948e-02  -5.617329e-02  -2.946183e-03   0.000000e+00
    2.150000   2.633493e-01   2.658140e-01  -2.464643e-03   0.000000e+00
    2.200000   5.963007e-01   5.971252e-01  -8.244217e-04   0.000000e+00
    2.250000   9.639218e-01   9.635004e-01   4.213556e-04   0.000000e+00
    2.300000   1.336412e+00   1.336133e+00   2.791789e-04   0.000000e+00
    2.350000   1.575535e+00   1.575947e+00  -4.119633e-04   0.000000e+00
    2.400000   1.518732e+00   1.517739e+00   9.937164e-04   0.000000e+00
    2.450000   1.129843e+00   1.122186e+00   7.657368e-03   0.000000e+00
    2.500000   5.630078e-01   5.416746e-01   2.133317e-02   0.000000e+00
    2.550000   7.295363e-02   3.245545e-02   4.049818e-02   0.000000e+00
    2.600000  -1.480466e-01  -2.074487e-01   5.940215e-02   0.000000e+00
    2.650000  -7.334809e-02  -1.426048e-01   6.925668e-02   0.000000e+00
    2.700000   1.757358e-01   1.135609e-01   6.217485e-02   0.000000e+00
    2.750000   4.267206e-01   3.903996e-01   3.632102e-02   0.000000e+00
    2.800000   5.512082e-01   5.525237e-01  -1.315518e-03   0.000000e+00
    2.850000   5.092635e-01   5.466633e-01  -3.739980e-02   0.000000e+00
    2.900000   3.413520e-01   4.004363e-01  -5.908428e-02   0.000000e+00
    2.950000   1.302404e-01   1.909018e-01  -6.066144e-02   0.000000e+00
    3.000000  -4.345180e-02   2.157891e-03  -4.560969e-02   0.000000e+00
    3.050000  -1.332045e-01  -1.098275e-01  -2.337703e-02   0.000000e+00
    3.100000  -1.339705e-01  -1.300232e-01  -3.947222e-03   0.000000e+00
    3.150000  -6.604002e-02  -7.234716e-02   6.307145e-03   0.000000e+00
    3.200000   4.838773e-02   4.224289e-02   6.144842e-03   0.000000e+00
    3.250000   1.963972e-01   1.975020e-01  -1.104823e-03   0.000000e+00
    3.300000   3.675465e-01   3.769838e-01  -9.437315e-03   0.000000e+00
    3.350000   5.408998e-01   5.538790e-01  -1.297911e-02   0.000000e+00
    3.400000   6.815028e-01   6.903409e-01  -8.838048e-03   0.000000e+00
    3.450000   7.503549e-01   7.488609e-01   1.494085e-03   0.000000e+00
    3.500000   7.198630e-01   7.067088e-01   1.315416e-02   0.000000e+00
    3.550000   5.852961e-01   5.645707e-01   2.072544e-02   0.000000e+00
    3.600000   3.678743e-01   3.467865e-01   2.108786e-02   0.000000e+00
    3.650000   1.084644e-01   9.375800e-02   1.470641e-02   0.000000e+00
    3.700000  -1.468070e-01  -1.516278e-01   4.820800e-03   0.000000e+00
    3.750000  -3.622630e-01  -3.573906e-01  -4.872354e-03   0.000000e+00
    3.800000  -5.194803e-01  -5.068937e-01  -1.258658e-02   0.000000e+00
    3.850000  -6.122177e-01  -5.930475e-01  -1.917019e-02   0.000000e+00
    3.900000  -6.393116e-01  -6.127802e-01  -2.653144e-02   0.000000e+00
    3.950000  -6.065928e-01  -5.714759e-01  -3.511686e-02   0.000000e+00
    4.000000  -5.342346e-01  -4.913330e-01  -4.290164e-02   0.000000e+00
    4.050000  -4.546900e-01  -4.077249e-01  -4.696507e-02   0.000000e+00
    4.100000  -3.961274e-01  -3.501321e-01  -4.599521e-02   0.000000e+00
    4.150000  -3.658523e-01  -3.247745e-01  -4.107780e-02   0.000000e+00
    4.200000  -3.508328e-01  -3.166970e-01  -3.413579e-02   0.000000e+00
    4.250000  -3.334824e-01  -3.074750e-01  -2.600737e-02   0.000000e+00
    4.300000  -3.051207e-01  -2.888667e-01  -1.625398e-02   0.000000e+00
    4.350000  -2.664722e-01  -2.619843e-01  -4.487927e-03   0.000000e+00
    4.400000  -2.218365e-01  -2.304911e-01   8.654611e-03   0.000000e+00
    4.450000  -1.770816e-01  -1.989932e-01   2.191158e-02   0.000000e+00
    4.500000  -1.403330e-01  -1.746501e-01   3.431710e-02   0.000000e+00
    4.550000  -1.182974e-01  -1.637219e-01   4.542450e-02   0.000000e+00
    4.600000  -1.093828e-01  -1.642116e-01   5.482881e-02   0.000000e+00
    4.650000  -1.026060e-01  -1.644498e-01   6.184384e-02   0.000000e+00
    4.700000  -8.539567e-02  -1.510655e-01   6.566978e-02   0.000000e+00
    4.750000  -5.229813e-02  -1.178977e-01   6.559954e-02   0.000000e+00
    4.800000  -6.281963e-03  -6.726752e-02   6.098556e-02   0.000000e+00
    4.850000   4.608437e-02  -5.267267e-03   5.135163e-02   0.000000e+00
    4.900000   9.911182e-02   6.212561e-02   3.698621e-02   0.000000e+00
    4.950000   1.497883e-01   1.301892e-01   1.959909e-02   0.000000e+00
    5.000000   1.986027e-01   1.963250e-01   2.277711e-03   0.000000e+00
    5.050000   2.490203e-01   2.604800e-01  -1.145971e-02   0.000000e+00
    5.100000   3.034902e-01   3.224717e-01  -1.898151e-02   0.000000e+00
    5.150000   3.581492e-01   3.777005e-01  -1.955129e-02   0.000000e+00
    5.200000   4.023632e-01   4.169995e-01  -1.463628e-02   0.000000e+00
    5.250000   4.249929e-01   4.323647e-01  -7.371780e-03   0.000000e+00
    5.300000   4.214204e-01   4.227110e-01  -1.290635e-03   0.000000e+00
    5.350000   3.948401e-01   3.937167e-01   1.123369e-03   0.000000e+00
    5.400000   3.524538e-01   3.532326e-01  -7.787949e-04   0.000000e+00
    5.450000   3.017474e-01   3.078411e-01  -6.093701e-03   0.000000e+00
    5.500000   2.490491e-01   2.623118e-01  -1.326278e-02   0.000000e+00
    5.550000   1.986713e-01   2.194512e-01  -2.077992e-02   0.000000e+00
    5.600000   1.520391e-01   1.794459e-01  -2.740679e-02   0.000000e+00
    5.650000   1.085166e-01   1.407298e-01  -3.221328e-02   0.000000e+00
    5.700000   6.784228e-02   1.025758e-01  -3.473356e-02   0.000000e+00
    5.750000   3.116672e-02   6.625544e-02  -3.508872e-02   0.000000e+00
    5.800000  -5.998448e-04   3.322130e-02  -3.382115e-02   0.000000e+00
    5.850000  -2.826750e-02   3.264789e-03  -3.153229e-02   0.000000e+00
    5.900000  -5.311367e-02  -2.447770e-02  -2.863597e-02   0.000000e+00
    5.950000  -7.484782e-02  -4.951736e-02  -2.533046e-02   0.000000e+00
    6.000000  -9.209648e-02  -7.046229e-02  -2.163419e-02   0.000000e+00
    6.050000  -1.046310e-01  -8.723453e-02  -1.739643e-02   0.000000e+00
    6.100000  -1.137625e-01  -1.013858e-01  -1.237673e-02   0.000000e+00
    6.150000  -1.203774e-01  -1.139511e-01  -6.426321e-03   0.000000e+00
    6.200000  -1.238430e-01  -1.242267e-01   3.837035e-04   0.000000e+00
    6.250000  -1.233096e-01  -1.311038e-01   7.794217e-03   0.000000e+00
    6.300000  -1.188284e-01  -1.342447e-01   1.541629e-02   0.000000e+00
    6.350000  -1.102240e-01  -1.328805e-01   2.265657e-02   0.000000e+00
    6.400000  -9.591034e-02  -1.245345e-01   2.862421e-02   0.000000e+00
    6.450000  -7.449581e-02  -1.067838e-01   3.228801e-02   0.000000e+00
    6.500000  -4.764474e-02  -8.054733e-02   3.290259e-02   0.000000e+00
    6.550000  -2.025365e-02  -5.063105e-02   3.037740e-02   0.000000e+00
    6.600000   2.469004e-03  -2.281736e-02   2.528637e-02   0.000000e+00
    6.650000   1.744069e-02  -1.128748e-03   1.856944e-02   0.000000e+00
    6.700000   2.356515e-02   1.235077e-02   1.121439e-02   0.000000e+00
    6.750000   2.089090e-02   1.678882e-02   4.102077e-03   0.000000e+00
    6.800000   1.097357e-02   1.299850e-02  -2.024923e-03   0.000000e+00
    6.850000  -2.838163e-03   3.747878e-03  -6.586041e-03   0.000000e+00
    6.900000  -1.688230e-02  -7.650696e-03  -9.231600e-03   0.000000e+00
    6.950000  -2.901406e-02  -1.906978e-02  -9.944275e-03   0.000000e+00
    7.000000  -3.836775e-02  -2.925369e-02  -9.114062e-03   0.000000e+00
    7.050000  -4.379246e-02  -3.630866e-02  -7.483801e-03   0.000000e+00
    7.100000  -4.381358e-02  -3.791602e-02  -5.897559e-03   0.000000e+00
    7.150000  -3.835947e-02  -3.341792e-02  -4.941549e-03   0.000000e+00
    7.200000  -2.940379e-02  -2.470392e-02  -4.699871e-03   0.000000e+00
    7.250000  -1.925975e-02  -1.448061e-02  -4.779134e-03   0.000000e+00
    7.300000  -8.948489e-03  -4.397607e-03  -4.550881e-03   0.000000e+00
    7.350000   1.183416e-03   4.632161e-03  -3.448745e-03   0.000000e+00
    7.400000   1.008876e-02   1.129882e-02  -1.210065e-03   0.000000e+00
    7.450000   1.637349e-02   1.439048e-02   1.983014e-03   0.000000e+00
    7.500000   1.971675e-02   1.419259e-02   5.524157e-03   0.000000e+00
    7.550000   2.083519e-02   1.222351e-02   8.611679e-03   0.000000e+00
    7.600000   1.999661e-02   9.400857e-03   1.059575e-02   0.000000e+00
    7.650000   1.662025e-02   5.388856e-03   1.123140e-02   0.000000e+00
    7.700000   1.069189e-02  -2.233083e-06   1.069412e-02   0.000000e+00
    7.750000   3.605506e-03  -5.806792e-03   9.412298e-03   0.000000e+00
    7.800000  -3.108177e-03  -1.097716e-02   7.868979e-03   0.000000e+00
    7.850000  -9.271645e-03  -1.572802e-02   6.456375e-03   0.000000e+00
    7.900000  -1.554758e-02  -2.092928e-02   5.381695e-03   0.000000e+00
    7.950000  -2.196355e-02  -2.659496e-02   4.631406e-03   0.000000e+00
    8.000000  -2.791386e-02  -3.193615e-02   4.022285e-03   0.000000e+00
    8.050000  -3.340282e-02  -3.671808e-02   3.315261e-03   0.000000e+00
    8.100000  -3.916646e-02  -4.147987e-02   2.313412e-03   0.000000e+00
    8.150000  -4.530397e-02  -4.620916e-02   9.051924e-04   0.000000e+00
    8.200000  -5.071456e-02  -4.980260e-02  -9.119657e-04   0.000000e+00
    8.250000  -5.440862e-02  -5.140344e-02  -3.005179e-03   0.000000e+00
    8.300000  -5.668029e-02  -5.155647e-02  -5.123816e-03   0.000000e+00
    8.350000  -5.836112e-02  -5.136221e-02  -6.998913e-03   0.000000e+00
    8.400000  -5.951852e-02  -5.105444e-02  -8.464083e-03   0.000000e+00
    8.450000  -5.976508e-02  -5.026727e-02  -9.497811e-03   0.000000e+00
    8.500000  -5.953210e-02  -4.935979e-02  -1.017231e-02   0.000000e+00
    8.550000  -6.000956e-02  -4.942667e-02  -1.058289e-02   0.000000e+00
    8.600000  -6.171370e-02  -5.090563e-02  -1.080807e-02   0.000000e+00
    8.650000  -6.396905e-02  -5.308806e-02  -1.088099e-02   0.000000e+00
    8.700000  -6.608398e-02  -5.532342e-02  -1.076057e-02   0.000000e+00
    8.750000  -6.822879e-02  -5.788257e-02  -1.034622e-02   0.000000e+00
    8.800000  -7.063675e-02  -6.107616e-02  -9.560590e-03   0.000000e+00
    8.850000  -7.264380e-02  -6.420749e-02  -8.436308e-03   0.000000e+00
    8.900000  -7.334872e-02  -6.622893e-02  -7.119795e-03   0.000000e+00
    8.950000  -7.288750e-02  -6.709362e-02  -5.793888e-03   0.000000e+00
    9.000000  -7.220103e-02  -6.760271e-02  -4.598322e-03   0.000000e+00
    9.050000  -7.162392e-02  -6.802794e-02  -3.595983e-03   0.000000e+00
    9.100000  -7.053177e-02  -6.776646e-02  -2.765315e-03   0.000000e+00
    9.150000  -6.848944e-02  -6.648703e-02  -2.002408e-03   0.000000e+00
    9.200000  -6.589419e-02  -6.473754e-02  -1.156648e-03   0.000000e+00
    9.250000  -6.308041e-02  -6.297722e-02  -1.031847e-04   0.000000e+00
    9.300000  -5.952277e-02  -6.072804e-02   1.205263e-03   0.000000e+00
    9.350000  -5.460742e-02  -5.736231e-02   2.754888e-03   0.000000e+00
    9.400000  -4.874720e-02  -5.326481e-02   4.517611e-03   0.000000e+00
    9.450000  -4.297345e-02  -4.942779e-02   6.454333e-03   0.000000e+00
    9.500000  -3.763836e-02  -4.611017e-02   8.471817e-03   0.000000e+00
    9.550000  -3.230878e-02  -4.271108e-02   1.040230e-02   0.000000e+00
    9.600000  -2.691870e-02  -3.896231e-02   1.204361e-02   0.000000e+00
    9.650000  -2.217803e-02  -3.539762e-02   1.321959e-02   0.000000e+00
    9.700000  -1.855635e-02  -3.236884e-02   1.381249e-02   0.000000e+00
    9.750000  -1.559379e-02  -2.936689e-02   1.377310e-02   0.000000e+00
    9.800000  -1.273518e-02  -2.586562e-02   1.313044e-02   0.000000e+00
    9.850000  -1.030961e-02  -2.229436e-02   1.198474e-02   0.000000e+00
    9.900000  -9.035385e-03  -1.949722e-02   1.046183e-02   0.000000e+00
    9.950000  -8.903490e-03  -1.756304e-02   8.659552e-03   0.000000e+00
   10.000000  -9.304354e-03  -1.594535e-02   6.641000e-03   0.000000e+00
   10.050000  -1.013625e-02  -1.460888e-02   4.472629e-03   0.000000e+00
   10.100000  -1.198022e-02  -1.422823e-02   2.248007e-03   0.000000e+00
   10.150000  -1.501848e-02  -1.508585e-02   6.737497e-05   0.000000e+00
   10.200000  -1.850265e-02  -1.651292e-02  -1.989727e-03   0.000000e+00
   10.250000  -2.166195e-02  -1.780098e-02  -3.860971e-03   0.000000e+00
   10.300000  -2.454509e-02  -1.905816e-02  -5.486934e-03   0.000000e+00
   10.350000  -2.744371e-02  -2.062203e-02  -6.821679e-03   0.000000e+00
   10.400000  -2.995484e-02  -2.210064e-02  -7.854205e-03   0.000000e+00
   10.450000  -3.133141e-02  -2.273061e-02  -8.600803e-03   0.000000e+00
   10.500000  -3.157203e-02  -2.249928e-02  -9.072750e-03   0.000000e+00
   10.550000  -3.143743e-02  -2.217311e-02  -9.264319e-03   0.000000e+00
   10.600000  -3.136779e-02  -2.219399e-02  -9.173802e-03   0.000000e+00
   10.650000  -3.108598e-02  -2.226738e-02  -8.818597e-03   0.000000e+00
   10.700000  -3.047459e-02  -2.225510e-02  -8.219493e-03   0.000000e+00
   10.750000  -3.015929e-02  -2.277566e-02  -7.383628e-03   0.000000e+00
   10.800000  -3.074824e-02  -2.442976e-02  -6.318473e-03   0.000000e+00
   10.850000  -3.196758e-02  -2.691064e-02  -5.056938e-03   0.000000e+00
   10.900000  -3.312525e-02  -2.947018e-02  -3.655071e-03   0.000000e+00
   10.950000  -3.412334e-02  -3.195398e-02  -2.169364e-03   0.000000e+00
   11.000000  -3.535443e-02  -3.470160e-02  -6.528327e-04   0.000000e+00
   11.050000  -3.672496e-02  -3.755099e-02   8.260354e-04   0.000000e+00
   11.100000  -3.751296e-02  -3.969219e-02   2.179230e-03   0.000000e+00
   11.150000  -3.733700e-02  -4.066226e-02   3.325258e-03   0.000000e+00
   11.200000  -3.662641e-02  -4.083755e-02   4.211139e-03   0.000000e+00
   11.250000  -3.581889e-02  -4.062173e-02   4.802839e-03   0.000000e+00
   11.300000  -3.464042e-02  -3.970813e-02   5.067713e-03   0.000000e+00
   11.350000  -3.265912e-02  -3.764201e-02   4.982890e-03   0.000000e+00
   11.400000  -3.014840e-02  -3.470603e-02   4.557629e-03   0.000000e+00
   11.450000  -2.778684e-02  -3.162073e-02   3.833894e-03   0.000000e+00
   11.500000  -2.569519e-02  -2.856205e-02   2.866860e-03   0.000000e+00
   11.550000  -2.342249e-02  -2.514322e-02   1.720734e-03   0.000000e+00
   11.600000  -2.088463e-02  -2.137177e-02   4.871360e-04   0.000000e+00
   11.650000  -1.866092e-02  -1.795137e-02  -7.095516e-04   0.000000e+00
   11.700000  -1.715000e-02  -1.540953e-02  -1.740466e-03   0.000000e+00
   11.750000  -1.600783e-02  -1.350199e-02  -2.505849e-03   0.000000e+00
   11.800000  -1.480241e-02  -1.186023e-02  -2.942180e-03   0.000000e+00
   11.850000  -1.376827e-02  -1.075276e-02  -3.015507e-03   0.000000e+00
   11.900000  -1.339159e-02  -1.066190e-02  -2.729686e-03   0.000000e+00
   11.950000  -1.353820e-02  -1.139731e-02  -2.140890e-03   0.000000e+00
   12.000000  -1.360064e-02  -1.225463e-02  -1.346018e-03   0.000000e+00
   12.050000  -1.341618e-02  -1.296986e-02  -4.463245e-04   0.000000e+00
   12.100000  -1.341693e-02  -1.389254e-02   4.756059e-04   0.000000e+00
   12.150000  -1.377978e-02  -1.512852e-02   1.348734e-03   0.000000e+00
   12.200000  -1.402500e-02  -1.612909e-02   2.104092e-03   0.000000e+00
   12.250000  -1.374119e-02  -1.642785e-02   2.686664e-03   0.000000e+00
   12.300000  -1.321236e-02  -1.628222e-02   3.069864e-03   0.000000e+00
   12.350000  -1.289730e-02  -1.614379e-02   3.246493e-03   0.000000e+00
   12.400000  -1.264801e-02  -1.585758e-02   3.209575e-03   0.000000e+00
   12.450000  -1.198061e-02  -1.493541e-02   2.954798e-03   0.000000e+00
   12.500000  -1.092862e-02  -1.342987e-02   2.501249e-03   0.000000e+00
   12.550000  -1.003378e-02  -1.193077e-02   1.896986e-03   0.000000e+00
   12.600000  -9.492728e-03  -1.069329e-02   1.200565e-03   0.000000e+00
   12.650000  -8.895667e-03  -9.362838e-03   4.671710e-04   0.000000e+00
   12.700000  -7.983576e-03  -7.739642e-03  -2.439345e-04   0.000000e+00
   12.750000  -7.135769e-03  -6.272258e-03  -8.635107e-04   0.000000e+00
   12.800000  -6.767108e-03  -5.436954e-03  -1.330155e-03   0.000000e+00
   12.850000  -6.656221e-03  -5.042324e-03  -1.613897e-03   0.000000e+00
   12.900000  -6.333116e-03  -4.617390e-03  -1.715726e-03   0.000000e+00
   12.950000  -5.864657e-03  -4.215127e-03  -1.649530e-03   0.000000e+00
   13.000000  -5.716197e-03  -4.279291e-03  -1.436906e-03   0.000000e+00
   13.050000  -5.934659e-03  -4.816581e-03  -1.118077e-03   0.000000e+00
   13.100000  -6.036603e-03  -5.285403e-03  -7.511998e-04   0.000000e+00
   13.150000  -5.786120e-03  -5.395712e-03  -3.904081e-04   0.000000e+00
   13.200000  -5.550020e-03  -5.480868e-03  -6.915220e-05   0.000000e+00
   13.250000  -5.640891e-03  -5.832630e-03   1.917391e-04   0.000000e+00
   13.300000  -5.764570e-03  -6.135118e-03   3.705481e-04   0.000000e+00
   13.350000  -5.500779e-03  -5.951548e-03   4.507699e-04   0.000000e+00
   13.400000  -4.999174e-03  -5.435235e-03   4.360607e-04   0.000000e+00
   13.450000  -4.718639e-03  -5.065461e-03   3.468216e-04   0.000000e+00
   13.500000  -4.656757e-03  -4.858245e-03   2.014875e-04   0.000000e+00
   13.550000  -4.368167e-03  -4.379111e-03   1.094397e-05   0.000000e+00
   13.600000  -3.731307e-03  -3.523405e-03  -2.079022e-04   0.000000e+00
   13.650000  -3.165677e-03  -2.740127e-03  -4.255496e-04   0.000000e+00
   13.700000  -2.938399e-03  -2.324026e-03  -6.143736e-04   0.000000e+00
   13.750000  -2.733207e-03  -1.970598e-03  -7.626094e-04   0.000000e+00
   13.800000  -2.202365e-03  -1.335208e-03  -8.671571e-04   0.000000e+00
   13.850000  -1.563163e-03  -6.433676e-04  -9.197956e-04   0.000000e+00
   13.900000  -1.235547e-03  -3.241371e-04  -9.114104e-04   0.000000e+00
   13.950000  -1.139462e-03  -2.923018e-04  -8.471597e-04   0.000000e+00
   14.000000  -8.364973e-04  -9.047177e-05  -7.460255e-04   0.000000e+00
   14.050000  -2.697561e-04   3.539644e-04  -6.237205e-04   0.000000e+00
   14.100000   1.469564e-04   6.322060e-04  -4.852496e-04   0.000000e+00
   14.150000   2.332438e-04   5.699836e-04  -3.367398e-04   0.000000e+00
   14.200000   3.473835e-04   5.413701e-04  -1.939866e-04   0.000000e+00
   14.250000   7.829931e-04   8.545846e-04  -7.159141e-05   0.000000e+00
   14.300000   1.279776e-03   1.249926e-03   2.984937e-05   0.000000e+00
   14.350000   1.469217e-03   1.352000e-03   1.172164e-04   0.000000e+00
   14.400000   1.496564e-03   1.306711e-03   1.898537e-04   0.000000e+00
   14.450000   1.771839e-03   1.531160e-03   2.406786e-04   0.000000e+00
   14.500000   2.277204e-03   2.006704e-03   2.704998e-04   0.000000e+00
   14.550000   2.599569e-03   2.309088e-03   2.904803e-04   0.000000e+00
   14.600000   2.626646e-03   2.318659e-03   3.079869e-04   0.000000e+00
   14.650000   2.730085e-03   2.410923e-03   3.191621e-04   0.000000e+00
   14.700000   3.133191e-03   2.813059e-03   3.201318e-04   0.000000e+00
   14.750000   3.534419e-03   3.216973e-03   3.174458e-04   0.000000e+00
   14.800000   3.617172e-03   3.297183e-03   3.199882e-04   0.000000e+00
   14.850000   3.580249e-03   3.254200e-03   3.260491e-04   0.000000e+00
   14.900000   3.797098e-03   3.469760e-03   3.273382e-04   0.000000e+00
   14.950000   4.185344e-03   3.862224e-03   3.231204e-04   0.000000e+00
   15.000000   4.349320e-03   4.028510e-03   3.208098e-04   0.000000e+00
   15.050000   4.248290e-03   3.925860e-03   3.224296e-04   0.000000e+00
   15.100000   4.261751e-03   3.941648e-03   3.201036e-04   0.000000e+00
   15.150000   4.547923e-03   4.239644e-03   3.082787e-04   0.000000e+00
   15.200000   4.780812e-03   4.488687e-03   2.921248e-04   0.000000e+00
   15.250000   4.704069e-03   4.425924e-03   2.781453e-04   0.000000e+00
   15.300000   4.562398e-03   4.299388e-03   2.630102e-04   0.000000e+00
   15.350000   4.686406e-03   4.447032e-03   2.393738e-04   0.000000e+00
   15.400000   4.937173e-03   4.728515e-03   2.086583e-04   0.000000e+00
   15.450000   4.945708e-03   4.766528e-03   1.791801e-04   0.000000e+00
   15.500000   4.736853e-03   4.583990e-03   1.528631e-04   0.000000e+00
   15.550000   4.684914e-03   4.561981e-03   1.229330e-04   0.000000e+00
   15.600000   4.882200e-03   4.795904e-03   8.629605e-05   0.000000e+00
   15.650000   4.987895e-03   4.938289e-03   4.960606e-05   0.000000e+00
   15.700000   4.806620e-03   4.787746e-03   1.887430e-05   0.000000e+00
   15.750000   4.616749e-03   4.626502e-03  -9.752906e-06   0.000000e+00
