    0.000000   0.000000e+00   0.000000e+00   0.000000e+00   0.000000e+00
    0.050000  -4.307012e-02  -4.257417e-02  -4.959556e-04   0.000000e+00
    0.100000  -7.868322e-02  -7.748929e-02  -1.193931e-03   0.000000e+00
    0.150000  -1.116514e-01  -1.096862e-01  -1.965200e-03   0.000000e+00
    0.200000  -1.513208e-01  -1.487325e-01  -2.588247e-03   0.000000e+00
    0.250000  -1.962308e-01  -1.930847e-01  -3.146027e-03   0.000000e+00
    0.300000  -2.362130e-01  -2.323153e-01  -3.897665e-03   0.000000e+00
    0.350000  -2.689548e-01  -2.641111e-01  -4.843692e-03   0.000000e+00
    0.400000  -3.040657e-01  -2.983312e-01  -5.734451e-03   0.000000e+00
    0.450000  -3.472388e-01  -3.407294e-01  -6.509399e-03   0.000000e+00
    0.500000  -3.899005e-01  -3.824931e-01  -7.407466e-03   0.000000e+00
    0.550000  -4.221172e-01  -4.135650e-01  -8.552123e-03   0.000000e+00
    0.600000  -4.485739e-01  -4.388465e-01  -9.727378e-03   0.000000e+00
    0.650000  -4.805077e-01  -4.697716e-01  -1.073608e-02   0.000000e+00
    0.700000  -5.148856e-01  -5.031723e-01  -1.171336e-02   0.000000e+00
    0.750000  -5.349965e-01  -5.221657e-01  -1.283073e-02   0.000000e+00
    0.800000  -5.331722e-01  -5.192788e-01  -1.389340e-02   0.000000e+00
    0.850000  -5.177421e-01  -5.031908e-01  -1.455133e-02   0.000000e+00
    0.900000  -4.900133e-01  -4.752172e-01  -1.479609e-02   0.000000e+00
    0.950000  -4.316194e-01  -4.166998e-01  -1.491963e-02   0.000000e+00
    1.000000  -3.339525e-01  -3.188974e-01  -1.505511e-02   0.000000e+00
    1.050000  -2.262587e-01  -2.111563e-01  -1.510235e-02   0.000000e+00
    1.100000  -1.354030e-01  -1.204422e-01  -1.496076e-02   0.000000e+00
    1.150000  -5.095132e-03   9.111556e-03  -1.420669e-02   0.000000e+00
    1.200000   3.018227e-01   3.133182e-01  -1.149545e-02   0.000000e+00
    1.250000   8.608420e-01   8.661571e-01  -5.315101e-03   0.000000e+00
    1.300000   1.532540e+00   1.528832e+00   3.708075e-03   0.000000e+00
    1.350000   1.995481e+00   1.983803e+00   1.167761e-02   0.000000e+00
    1.400000   1.982256e+00   1.968381e+00   1.387548e-02   0.000000e+00
    1.450000   1.498426e+00   1.489608e+00   8.817258e-03   0.000000e+00
    1.500000   8.037459e-01   8.045200e-01  -7.741172e-04   0.000000e+00
    1.550000   1.882100e-01   1.995027e-01  -1.129273e-02   0.000000e+00
    1.600000  -2.178494e-01  -1.963125e-01  -2.153688e-02   0.000000e+00
    1.650000  -4.384763e-01  -4.067058e-01  -3.177043e-02   0.000000e+00
    1.700000  -5.316613e-01  -4.912687e-01  -4.039268e-02   0.000000e+00
    1.750000  -5.296149e-01  -4.860213e-01  -4.359361e-02   0.000000e+00
    1.800000  -4.770411e-01  -4.377899e-01  -3.925116e-02   0.000000e+00
    1.850000  -4.531866e-01  -4.230194e-01  -3.016723e-02   0.000000e+00
    1.900000  -5.064329e-01  -4.842824e-01  -2.215046e-02   0.000000e+00
    1.950000  -5.839126e-01  -5.650193e-01  -1.889331e-02   0.000000e+00
    2.000000  -5.686005e-01  -5.492292e-01  -1.937130e-02   0.000000e+00
    2.050000  -3.956265e-01  -3.755973e-01  -2.002912e-02   0.000000e+00
    2.100000  -1.076328e-01  -8.910581e-02  -1.852697e-02   0.000000e+00
    2.150000   2.146956e-01   2.298699e-01  -1.517427e-02   0.000000e+00
    2.200000   5.477288e-01   5.595352e-01  -1.180644e-02   0.000000e+00
    2.250000   9.156627e-01   9.258717e-01  -1.020904e-02   0.000000e+00
    2.300000   1.288705e+00   1.299892e+00  -1.118739e-02   0.000000e+00
    2.350000   1.528626e+00   1.542525e+00  -1.389983e-02   0.000000e+00
    2.400000   1.472870e+00   1.488072e+00  -1.520198e-02   0.000000e+00
    2.450000   1.085283e+00   1.094552e+00  -9.268666e-03   0.000000e+00
    2.500000   5.200053e-01   5.078181e-01   1.218727e-02   0.000000e+00
    2.550000   3.176563e-02  -2.623299e-02   5.799862e-02   0.000000e+00
    2.600000  -1.871648e-01  -3.190638e-01   1.318990e-01   0.000000e+00
    2.650000  -1.101440e-01  -3.338019e-01   2.236580e-01   0.000000e+00
    2.700000   1.415103e-01  -1.623450e-01   3.038552e-01   0.000000e+00
    2.750000   3.953073e-01   6.342251e-02   3.318847e-01   0.000000e+00
    2.800000   5.228409e-01   2.444503e-01   2.783907e-01   0.000000e+00
    2.850000   4.841668e-01   3.357018e-01   1.484650e-01   0.000000e+00
    2.900000   3.197394e-01   3.337186e-01  -1.397923e-02   0.000000e+00
    2.950000   1.123124e-01   2.603053e-01  -1.479929e-01   0.000000e+00
    3.000000  -5.750866e-02   1.523836e-01  -2.098922e-01   0.000000e+00
    3.050000  -1.432194e-01   5.289591e-02  -1.961153e-01   0.000000e+00
    3.100000  -1.397896e-01   2.220545e-04  -1.400117e-01   0.000000e+00
    3.150000  -6.752789e-02   1.987756e-02  -8.740545e-02   0.000000e+00
    3.200000   5.134710e-02   1.201693e-01  -6.882219e-02   0.000000e+00
    3.250000   2.038992e-01   2.890141e-01  -8.511488e-02   0.000000e+00
    3.300000   3.796650e-01   4.920038e-01  -1.123388e-01   0.000000e+00
    3.350000   5.576864e-01   6.777212e-01  -1.200348e-01   0.000000e+00
    3.400000   7.029858e-01   7.937388e-01  -9.075309e-02   0.000000e+00
    3.450000   7.765390e-01   8.061871e-01  -2.964805e-02   0.000000e+00
    3.500000   7.507288e-01   7.107035e-01   4.002529e-02   0.000000e+00
    3.550000   6.208000e-01   5.297981e-01   9.100187e-02   0.000000e+00
    3.600000   4.079479e-01   3.017064e-01   1.062415e-01   0.000000e+00
    3.650000   1.530150e-01   6.757362e-02   8.544142e-02   0.000000e+00
    3.700000  -9.789633e-02  -1.398392e-01   4.194287e-02   0.000000e+00
    3.750000  -3.091334e-01  -3.030117e-01  -6.121684e-03   0.000000e+00
    3.800000  -4.622963e-01  -4.178863e-01  -4.440993e-02   0.000000e+00
    3.850000  -5.511666e-01  -4.848311e-01  -6.633547e-02   0.000000e+00
    3.900000  -5.746028e-01  -5.027145e-01  -7.188833e-02   0.000000e+00
    3.950000  -5.384569e-01  -4.743363e-01  -6.412069e-02   0.000000e+00
    4.000000  -4.629223e-01  -4.162142e-01  -4.670813e-02   0.000000e+00
    4.050000  -3.804708e-01  -3.568029e-01  -2.366790e-02   0.000000e+00
    4.100000  -3.192883e-01  -3.196665e-01   3.781421e-04   0.000000e+00
    4.150000  -2.866965e-01  -3.078563e-01   2.115984e-02   0.000000e+00
    4.200000  -2.696780e-01  -3.061499e-01   3.647188e-02   0.000000e+00
    4.250000  -2.506590e-01  -2.973282e-01   4.666916e-02   0.000000e+00
    4.300000  -2.209704e-01  -2.741578e-01   5.318749e-02   0.000000e+00
    4.350000  -1.813458e-01  -2.379670e-01   5.662111e-02   0.000000e+00
    4.400000  -1.360924e-01  -1.923767e-01   5.628436e-02   0.000000e+00
    4.450000  -9.108340e-02  -1.424555e-01   5.137209e-02   0.000000e+00
    4.500000  -5.444776e-02  -9.667220e-02   4.222445e-02   0.000000e+00
    4.550000  -3.289365e-02  -6.339016e-02   3.049651e-02   0.000000e+00
    4.600000  -2.482825e-02  -4.315798e-02   1.832973e-02   0.000000e+00
    4.650000  -1.926585e-02  -2.652205e-02   7.256200e-03   0.000000e+00
    4.700000  -3.630208e-03  -9.877027e-04  -2.642505e-03   0.000000e+00
    4.750000   2.753912e-02   4.053231e-02  -1.299319e-02   0.000000e+00
    4.800000   7.128232e-02   9.772431e-02  -2.644199e-02   0.000000e+00
    4.850000   1.210416e-01   1.659647e-01  -4.492305e-02   0.000000e+00
    4.900000   1.711407e-01   2.386251e-01  -6.748441e-02   0.000000e+00
    4.950000   2.185817e-01   3.074449e-01  -8.886318e-02   0.000000e+00
    5.000000   2.638698e-01   3.639404e-01  -1.000706e-01   0.000000e+00
    5.050000   3.104878e-01   4.021367e-01  -9.164892e-02   0.000000e+00
    5.100000   3.609043e-01   4.197271e-01  -5.882271e-02   0.000000e+00
    5.150000   4.112768e-01   4.171229e-01  -5.846042e-03   0.000000e+00
    5.200000   4.509931e-01   3.971159e-01   5.387725e-02   0.000000e+00
    5.250000   4.689369e-01   3.658059e-01   1.031310e-01   0.000000e+00
    5.300000   4.605145e-01   3.317465e-01   1.287679e-01   0.000000e+00
    5.350000   4.289453e-01   3.020301e-01   1.269151e-01   0.000000e+00
    5.400000   3.814568e-01   2.789931e-01   1.024637e-01   0.000000e+00
    5.450000   3.255610e-01   2.610700e-01   6.449103e-02   0.000000e+00
    5.500000   2.676128e-01   2.458428e-01   2.176996e-02   0.000000e+00
    5.550000   2.119515e-01   2.310865e-01  -1.913501e-02   0.000000e+00
    5.600000   1.600291e-01   2.138548e-01  -5.382578e-02   0.000000e+00
    5.650000   1.112364e-01   1.910370e-01  -7.980057e-02   0.000000e+00
    5.700000   6.533861e-02   1.617791e-01  -9.644047e-02   0.000000e+00
    5.750000   2.351235e-02   1.281500e-01  -1.046377e-01   0.000000e+00
    5.800000  -1.330655e-02   9.254822e-02  -1.058548e-01   0.000000e+00
    5.850000  -4.590333e-02   5.534214e-02  -1.012455e-01   0.000000e+00
    5.900000  -7.553144e-02   1.587905e-02  -9.141049e-02   0.000000e+00
    5.950000  -1.018774e-01  -2.519701e-02  -7.668037e-02   0.000000e+00
    6.000000  -1.235459e-01  -6.602602e-02  -5.751984e-02   0.000000e+00
    6.050000  -1.402876e-01  -1.054399e-01  -3.484771e-02   0.000000e+00
    6.100000  -1.533948e-01  -1.431983e-01  -1.019646e-02   0.000000e+00
    6.150000  -1.637360e-01  -1.781471e-01   1.441113e-02   0.000000e+00
    6.200000  -1.706623e-01  -2.075305e-01   3.686816e-02   0.000000e+00
    6.250000  -1.733098e-01  -2.287506e-01   5.544077e-02   0.000000e+00
    6.300000  -1.717169e-01  -2.408196e-01   6.910275e-02   0.000000e+00
    6.350000  -1.656973e-01  -2.435059e-01   7.780858e-02   0.000000e+00
    6.400000  -1.536561e-01  -2.363026e-01   8.264652e-02   0.000000e+00
    6.450000  -1.341944e-01  -2.196457e-01   8.545135e-02   0.000000e+00
    6.500000  -1.089713e-01  -1.966352e-01   8.766393e-02   0.000000e+00
    6.550000  -8.288007e-02  -1.720178e-01   8.913772e-02   0.000000e+00
    6.600000  -6.112781e-02  -1.491926e-01   8.806475e-02   0.000000e+00
    6.650000  -4.679759e-02  -1.290971e-01   8.229955e-02   0.000000e+00
    6.700000  -4.098811e-02  -1.119291e-01   7.094104e-02   0.000000e+00
    6.750000  -4.365513e-02  -9.845340e-02   5.479827e-02   0.000000e+00
    6.800000  -5.324909e-02  -8.885790e-02   3.560881e-02   0.000000e+00
    6.850000  -6.642915e-02  -8.149189e-02   1.506274e-02   0.000000e+00
    6.900000  -7.954279e-02  -7.405448e-02  -5.488314e-03   0.000000e+00
    6.950000  -9.045633e-02  -6.568312e-02  -2.477321e-02   0.000000e+00
    7.000000  -9.831663e-02  -5.689577e-02  -4.142085e-02   0.000000e+00
    7.050000  -1.019868e-01  -4.788570e-02  -5.410106e-02   0.000000e+00
    7.100000  -1.000074e-01  -3.823454e-02  -6.177282e-02   0.000000e+00
    7.150000  -9.232324e-02  -2.846728e-02  -6.385596e-02   0.000000e+00
    7.200000  -8.092557e-02  -2.057822e-02  -6.034734e-02   0.000000e+00
    7.250000  -6.814594e-02  -1.626078e-02  -5.188516e-02   0.000000e+00
    7.300000  -5.502476e-02  -1.534279e-02  -3.968197e-02   0.000000e+00
    7.350000  -4.192847e-02  -1.656905e-02  -2.535942e-02   0.000000e+00
    7.400000  -2.992473e-02  -1.909251e-02  -1.083222e-02   0.000000e+00
    7.450000  -2.042837e-02  -2.219916e-02   1.770788e-03   0.000000e+00
    7.500000  -1.378137e-02  -2.416618e-02   1.038481e-02   0.000000e+00
    7.550000  -9.288235e-03  -2.288464e-02   1.359641e-02   0.000000e+00
    7.600000  -6.702372e-03  -1.795923e-02   1.125685e-02   0.000000e+00
    7.650000  -6.625552e-03  -1.131320e-02   4.687653e-03   0.000000e+00
    7.700000  -9.092770e-03  -5.416958e-03  -3.675812e-03   0.000000e+00
    7.750000  -1.273038e-02  -1.719651e-03  -1.101072e-02   0.000000e+00
    7.800000  -1.602747e-02  -1.100544e-03  -1.492693e-02   0.000000e+00
    7.850000  -1.882571e-02  -4.664952e-03  -1.416076e-02   0.000000e+00
    7.900000  -2.180622e-02  -1.289085e-02  -8.915373e-03   0.000000e+00
    7.950000  -2.501412e-02  -2.435091e-02  -6.632055e-04   0.000000e+00
    8.000000  -2.786034e-02  -3.637003e-02   8.509690e-03   0.000000e+00
    8.050000  -3.036478e-02  -4.701098e-02   1.664620e-02   0.000000e+00
    8.100000  -3.327796e-02  -5.567353e-02   2.239557e-02   0.000000e+00
    8.150000  -3.671236e-02  -6.187446e-02   2.516210e-02   0.000000e+00
    8.200000  -3.957924e-02  -6.462603e-02   2.504679e-02   0.000000e+00
    8.250000  -4.089975e-02  -6.354519e-02   2.264544e-02   0.000000e+00
    8.300000  -4.097749e-02  -5.969146e-02   1.871397e-02   0.000000e+00
    8.350000  -4.065207e-02  -5.448008e-02   1.382801e-02   0.000000e+00
    8.400000  -3.999760e-02  -4.824100e-02   8.243405e-03   0.000000e+00
    8.450000  -3.863198e-02  -4.063661e-02   2.004629e-03   0.000000e+00
    8.500000  -3.699042e-02  -3.212022e-02  -4.870196e-03   0.000000e+00
    8.550000  -3.626544e-02  -2.398088e-02  -1.228456e-02   0.000000e+00
    8.600000  -3.697443e-02  -1.696107e-02  -2.001336e-02   0.000000e+00
    8.650000  -3.844176e-02  -1.080655e-02  -2.763521e-02   0.000000e+00
    8.700000  -3.997434e-02  -5.464532e-03  -3.450981e-02   0.000000e+00
    8.750000  -4.173970e-02  -1.830339e-03  -3.990936e-02   0.000000e+00
    8.800000  -4.396720e-02  -7.119600e-04  -4.325524e-02   0.000000e+00
    8.850000  -4.598766e-02  -1.705028e-03  -4.428264e-02   0.000000e+00
    8.900000  -4.689371e-02  -3.842802e-03  -4.305091e-02   0.000000e+00
    8.950000  -4.681412e-02  -6.937208e-03  -3.987692e-02   0.000000e+00
    9.000000  -4.668165e-02  -1.142242e-02  -3.525923e-02   0.000000e+00
    9.050000  -4.682190e-02  -1.706816e-02  -2.975374e-02   0.000000e+00
    9.100000  -4.660072e-02  -2.281510e-02  -2.378562e-02   0.000000e+00
    9.150000  -4.557248e-02  -2.805588e-02  -1.751660e-02   0.000000e+00
    9.200000  -4.412339e-02  -3.323280e-02  -1.089059e-02   0.000000e+00
    9.250000  -4.257625e-02  -3.876847e-02  -3.807783e-03   0.000000e+00
    9.300000  -4.039376e-02  -4.412431e-02   3.730543e-03   0.000000e+00
    9.350000  -3.694972e-02  -4.851908e-02   1.156935e-02   0.000000e+00
    9.400000  -3.264445e-02  -5.202353e-02   1.937908e-02   0.000000e+00
    9.450000  -2.849658e-02  -5.514197e-02   2.664540e-02   0.000000e+00
    9.500000  -2.484554e-02  -5.758802e-02   3.274248e-02   0.000000e+00
    9.550000  -2.124548e-02  -5.835732e-02   3.711184e-02   0.000000e+00
    9.600000  -1.761780e-02  -5.704921e-02   3.943141e-02   0.000000e+00
    9.650000  -1.466000e-02  -5.431825e-02   3.965825e-02   0.000000e+00
    9.700000  -1.282955e-02  -5.080455e-02   3.797500e-02   0.000000e+00
    9.750000  -1.165479e-02  -4.639784e-02   3.474305e-02   0.000000e+00
    9.800000  -1.056920e-02  -4.104048e-02   3.047128e-02   0.000000e+00
    9.850000  -9.891000e-03  -3.562161e-02   2.573062e-02   0.000000e+00
    9.900000  -1.032812e-02  -3.134805e-02   2.101993e-02   0.000000e+00
    9.950000  -1.186181e-02  -2.854869e-02   1.668688e-02   0.000000e+00
   10.000000  -1.387336e-02  -2.682497e-02   1.295162e-02   0.000000e+00
   10.050000  -1.625258e-02  -2.620671e-02   9.954131e-03   0.000000e+00
   10.100000  -1.957277e-02  -2.732092e-02   7.748142e-03   0.000000e+00
   10.150000  -2.400912e-02  -3.029106e-02   6.281942e-03   0.000000e+00
   10.200000  -2.880699e-02  -3.424516e-02   5.438176e-03   0.000000e+00
   10.250000  -3.319009e-02  -3.829237e-02   5.102276e-03   0.000000e+00
   10.300000  -3.720241e-02  -4.237383e-02   5.171430e-03   0.000000e+00
   10.350000  -4.113164e-02  -4.663566e-02   5.504020e-03   0.000000e+00
   10.400000  -4.457165e-02  -5.046938e-02   5.897734e-03   0.000000e+00
   10.450000  -4.677296e-02  -5.290248e-02   6.129512e-03   0.000000e+00
   10.500000  -4.773255e-02  -5.372252e-02   5.989974e-03   0.000000e+00
   10.550000  -4.821022e-02  -5.347940e-02   5.269179e-03   0.000000e+00
   10.600000  -4.864598e-02  -5.240013e-02   3.754154e-03   0.000000e+00
   10.650000  -4.876316e-02  -5.006300e-02   1.299837e-03   0.000000e+00
   10.700000  -4.844552e-02  -4.636920e-02  -2.076324e-03   0.000000e+00
   10.750000  -4.832047e-02  -4.214918e-02  -6.171285e-03   0.000000e+00
   10.800000  -4.899854e-02  -3.834956e-02  -1.064897e-02   0.000000e+00
   10.850000  -5.020874e-02  -3.511345e-02  -1.509529e-02   0.000000e+00
   10.900000  -5.126241e-02  -3.220848e-02  -1.905393e-02   0.000000e+00
   10.950000  -5.206548e-02  -2.997056e-02  -2.209492e-02   0.000000e+00
   11.000000  -5.301478e-02  -2.908984e-02  -2.392494e-02   0.000000e+00
   11.050000  -5.402135e-02  -2.956356e-02  -2.445779e-02   0.000000e+00
   11.100000  -5.436818e-02  -3.058356e-02  -2.378462e-02   0.000000e+00
   11.150000  -5.367900e-02  -3.158356e-02  -2.209544e-02   0.000000e+00
   11.200000  -5.238857e-02  -3.275407e-02  -1.963450e-02   0.000000e+00
   11.250000  -5.094019e-02  -3.425470e-02  -1.668549e-02   0.000000e+00
   11.300000  -4.906555e-02  -3.553711e-02  -1.352844e-02   0.000000e+00
   11.350000  -4.633857e-02  -3.596394e-02  -1.037463e-02   0.000000e+00
   11.400000  -4.303849e-02  -3.568956e-02  -7.348926e-03   0.000000e+00
   11.450000  -3.984972e-02  -3.531481e-02  -4.534911e-03   0.000000e+00
   11.500000  -3.689883e-02  -3.488610e-02  -2.012739e-03   0.000000e+00
   11.550000  -3.374058e-02  -3.389752e-02   1.569432e-04   0.000000e+00
   11.600000  -3.029645e-02  -3.225374e-02   1.957292e-03   0.000000e+00
   11.650000  -2.715123e-02  -3.054514e-02   3.393902e-03   0.000000e+00
   11.700000  -2.470886e-02  -2.916721e-02   4.458351e-03   0.000000e+00
   11.750000  -2.263039e-02  -2.776861e-02   5.138225e-03   0.000000e+00
   11.800000  -2.048869e-02  -2.594817e-02   5.459485e-03   0.000000e+00
   11.850000  -1.852292e-02  -2.401551e-02   5.492594e-03   0.000000e+00
   11.900000  -1.722366e-02  -2.253575e-02   5.312092e-03   0.000000e+00
   11.950000  -1.646082e-02  -2.143336e-02   4.972538e-03   0.000000e+00
   12.000000  -1.563079e-02  -2.016160e-02   4.530810e-03   0.000000e+00
   12.050000  -1.457433e-02  -1.863854e-02   4.064210e-03   0.000000e+00
   12.100000  -1.372681e-02  -1.736886e-02   3.642050e-03   0.000000e+00
   12.150000  -1.326803e-02  -1.655803e-02   3.289997e-03   0.000000e+00
   12.200000  -1.272090e-02  -1.572333e-02   3.002437e-03   0.000000e+00
   12.250000  -1.167634e-02  -1.445770e-02   2.781355e-03   0.000000e+00
   12.300000  -1.042039e-02  -1.306001e-02   2.639613e-03   0.000000e+00
   12.350000  -9.413589e-03  -1.198258e-02   2.568993e-03   0.000000e+00
   12.400000  -8.509382e-03  -1.104207e-02   2.532692e-03   0.000000e+00
   12.450000  -7.225080e-03  -9.724339e-03   2.499259e-03   0.000000e+00
   12.500000  -5.595130e-03  -8.059156e-03   2.464026e-03   0.000000e+00
   12.550000  -4.161928e-03  -6.586754e-03   2.424827e-03   0.000000e+00
   12.600000  -3.122562e-03  -5.477812e-03   2.355250e-03   0.000000e+00
   12.650000  -2.067442e-03  -4.289313e-03   2.221871e-03   0.000000e+00
   12.700000  -7.375486e-04  -2.754881e-03   2.017332e-03   0.000000e+00
   12.750000   4.879938e-04  -1.266897e-03   1.754890e-03   0.000000e+00
   12.800000   1.194690e-03  -2.406971e-04   1.435388e-03   0.000000e+00
   12.850000   1.604445e-03   5.608345e-04   1.043610e-03   0.000000e+00
   12.900000   2.187928e-03   1.607084e-03   5.808433e-04   0.000000e+00
   12.950000   2.879084e-03   2.799702e-03   7.938186e-05   0.000000e+00
   13.000000   3.213487e-03   3.638247e-03  -4.247608e-04   0.000000e+00
   13.050000   3.145242e-03   4.060584e-03  -9.153420e-04   0.000000e+00
   13.100000   3.158907e-03   4.537429e-03  -1.378521e-03   0.000000e+00
   13.150000   3.491583e-03   5.269883e-03  -1.778301e-03   0.000000e+00
   13.200000   3.777714e-03   5.848979e-03  -2.071265e-03   0.000000e+00
   13.250000   3.706019e-03   5.946837e-03  -2.240818e-03   0.000000e+00
   13.300000   3.572006e-03   5.869717e-03  -2.297711e-03   0.000000e+00
   13.350000   3.797330e-03   6.046291e-03  -2.248961e-03   0.000000e+00
   13.400000   4.233730e-03   6.321551e-03  -2.087821e-03   0.000000e+00
   13.450000   4.423732e-03   6.243015e-03  -1.819283e-03   0.000000e+00
   13.500000   4.371170e-03   5.845731e-03  -1.474562e-03   0.000000e+00
   13.550000   4.522817e-03   5.609851e-03  -1.087034e-03   0.000000e+00
   13.600000   5.001647e-03   5.669549e-03  -6.679026e-04   0.000000e+00
   13.650000   5.389555e-03   5.610454e-03  -2.208984e-04   0.000000e+00
   13.700000   5.420804e-03   5.190822e-03   2.299817e-04   0.000000e+00
   13.750000   5.413026e-03   4.765937e-03   6.470890e-04   0.000000e+00
   13.800000   5.715304e-03   4.705622e-03   1.009682e-03   0.000000e+00
   13.850000   6.111671e-03   4.793014e-03   1.318657e-03   0.000000e+00
   13.900000   6.183484e-03   4.613321e-03   1.570162e-03   0.000000e+00
   13.950000   6.012077e-03   4.267051e-03   1.745026e-03   0.000000e+00
   14.000000   6.037111e-03   4.204065e-03   1.833046e-03   0.000000e+00
   14.050000   6.316717e-03   4.465469e-03   1.851248e-03   0.000000e+00
   14.100000   6.438292e-03   4.613743e-03   1.824549e-03   0.000000e+00
   14.150000   6.222624e-03   4.462871e-03   1.759753e-03   0.000000e+00
   14.200000   6.029149e-03   4.375107e-03   1.654042e-03   0.000000e+00
   14.250000   6.152619e-03   4.631922e-03   1.520697e-03   0.000000e+00
   14.300000   6.333852e-03   4.947351e-03   1.386501e-03   0.000000e+00
   14.350000   6.205423e-03   4.941356e-03   1.264068e-03   0.000000e+00
   14.400000   5.913651e-03   4.768525e-03   1.145126e-03   0.000000e+00
   14.450000   5.869602e-03   4.844035e-03   1.025566e-03   0.000000e+00
   14.500000   6.056463e-03   5.136514e-03   9.199499e-04   0.000000e+00
   14.550000   6.062148e-03   5.220656e-03   8.414917e-04   0.000000e+00
   14.600000   5.775346e-03   4.993529e-03   7.818163e-04   0.000000e+00
   14.650000   5.568658e-03   4.843959e-03   7.246995e-04   0.000000e+00
   14.700000   5.666320e-03   4.995798e-03   6.705229e-04   0.000000e+00
   14.750000   5.767685e-03   5.137147e-03   6.305382e-04   0.000000e+00
   14.800000   5.557025e-03   4.955629e-03   6.013959e-04   0.000000e+00
   14.850000   5.233979e-03   4.670377e-03   5.636024e-04   0.000000e+00
   14.900000   5.172799e-03   4.665808e-03   5.069911e-04   0.000000e+00
   14.950000   5.291876e-03   4.850973e-03   4.409036e-04   0.000000e+00
   15.000000   5.196273e-03   4.823416e-03   3.728570e-04   0.000000e+00
   15.050000   4.845939e-03   4.553540e-03   2.923986e-04   0.000000e+00
   15.100000   4.621011e-03   4.433577e-03   1.874340e-04   0.000000e+00
   15.150000   4.680301e-03   4.615137e-03   6.516413e-05   0.000000e+00
   15.200000   4.698356e-03   4.756240e-03  -5.788407e-05   0.000000e+00
   15.250000   4.419315e-03   4.599369e-03  -1.800540e-04   0.000000e+00
   15.300000   4.088310e-03   4.400944e-03  -3.126347e-04   0.000000e+00
   15.350000   4.036316e-03   4.492105e-03  -4.557885e-04   0.000000e+00
   15.400000   4.124724e-03   4.718126e-03  -5.934013e-04   0.000000e+00
   15.450000   3.984785e-03   4.700355e-03  -7.155695e-04   0.000000e+00
   15.500000   3.641517e-03   4.472322e-03  -8.308055e-04   0.000000e+00
   15.550000   3.469336e-03   4.417007e-03  -9.476709e-04   0.000000e+00
   15.600000   3.560591e-03   4.617696e-03  -1.057105e-03   0.000000e+00
   15.650000   3.574439e-03   4.719605e-03  -1.145166e-03   0.000000e+00
   15.700000   3.315399e-03   4.529846e-03  -1.214447e-03   0.000000e+00
   15.750000   3.061679e-03   4.339722e-03  -1.278043e-03   0.000000e+00
   15.800000   3.093705e-03   4.430196e-03  -1.336491e-03   0.000000e+00
   15.850000   3.223427e-03   4.599982e-03  -1.376555e-03   0.000000e+00
   15.900000   3.115757e-03   4.509360e-03  -1.393604e-03   0.000000e+00
   15.950000   2.853903e-03   4.253518e-03  -1.399615e-03   0.000000e+00
   16.000000   2.795663e-03   4.199080e-03  -1.403417e-03   0.000000e+00
   16.050000   2.969282e-03   4.365882e-03  -1.396600e-03   0.000000e+00
   16.100000   3.029197e-03   4.397851e-03  -1.368654e-03   0.000000e+00
   16.150000   2.840558e-03   4.166091e-03  -1.325532e-03   0.000000e+00
   16.200000   2.703543e-03   3.983906e-03  -1.280363e-03   0.000000e+00
   16.250000   2.843834e-03   4.076052e-03  -1.232218e-03   0.000000e+00
   16.300000   3.033220e-03   4.201988e-03  -1.168767e-03   0.000000e+00
   16.350000   2.976963e-03   4.065100e-03  -1.088136e-03   0.000000e+00
   16.400000   2.809067e-03   3.812087e-03  -1.003021e-03   0.000000e+00
   16.450000   2.861624e-03   3.781974e-03  -9.203507e-04   0.000000e+00
   16.500000   3.103245e-03   3.934201e-03  -8.309568e-04   0.000000e+00
   16.550000   3.194100e-03   3.920623e-03  -7.265231e-04   0.000000e+00
   16.600000   3.058968e-03   3.674000e-03  -6.150321e-04   0.000000e+00
